Stationsindex;Datum;VGSL;VPGB;VPGH;TS05;TS10;TS20;TS50;TS100;ZFUMI;BF10;BF20;BF30;BF40;BF50;BF60;BFGSL;BFGLS;TSLS05;TSSL05;ZTKMI;ZTUMI;VPGPM;VPMB;VPWB;VPZB;VGLS;VWLS;VWSL;BFWLS;BFWSL;eor
         2932;20220101;    0.6;    0.7;    0.6;    9.1;    8.8;    8.0;    5.9;    5.8;    0;   98;  101;  103;  103;  101;   96;  100;  103;    8.9;    9.1;    0;    0;    0.9;    0.7;    0.7;    0.7;    0.6;    0.6;    0.7;  103;  102;eor                                                            
         2932;20220102;    0.5;    0.6;    0.7;    7.2;    7.2;    7.1;    6.4;    6.1;    0;   97;  101;  103;  103;  101;   96;  100;  102;    7.1;    7.2;    0;    0;    1.1;    0.6;    0.7;    0.6;    0.5;    0.5;    0.6;  102;  101;eor                                                            
         2932;20220103;    1.1;    1.1;    0.6;    7.1;    7.1;    7.0;    6.5;    6.3;    0;  100;  100;  102;  102;  100;   95;  100;  102;    6.9;    7.1;    0;    0;    1.0;    0.8;    0.9;    0.8;    1.1;    0.9;    0.9;  102;  102;eor                                                            
         2932;20220104;    0.3;    0.3;    0.2;    6.2;    6.4;    6.6;    6.6;    6.6;    0;  109;  110;  107;  105;  102;   97;  105;  110;    6.1;    6.2;    0;    0;    0.4;    0.2;    0.4;    0.2;    0.3;    0.3;    0.4;  111;  107;eor                                                            
         2932;20220105;    0.9;    0.9;    0.4;    3.3;    4.0;    5.2;    6.5;    6.7;    0;  110;  114;  113;  109;  106;  103;  109;  115;    3.1;    3.3;    0;    0;    0.5;    0.5;    0.6;    0.5;    0.9;    0.6;    0.6;  117;  111;eor                                                            
         2932;20220106;    0.7;    0.7;    0.5;    2.0;    2.7;    3.9;    5.9;    6.8;    0;  106;  109;  111;  110;  108;  105;  108;  113;    1.6;    2.0;    0;    0;    0.3;    0.4;    0.5;    0.4;    0.7;    0.5;    0.5;  116;  110;eor                                                            
         2932;20220107;    0.5;    0.5;    0.2;    0.5;    1.2;    2.7;    5.4;    6.8;    0;  103;  106;  108;  109;  108;  106;  107;  111;    0.2;    0.5;    0;    0;    0.6;    0.3;    0.4;    0.3;    0.5;    0.4;    0.4;  113;  109;eor                                                            
         2932;20220108;    0.4;    0.4;    0.5;    1.1;    1.5;    2.3;    4.8;    6.7;    0;  102;  103;  105;  107;  107;  106;  105;  108;    0.9;    1.1;    0;    0;    0.5;    0.4;    0.5;    0.4;    0.4;    0.5;    0.5;  110;  107;eor                                                            
         2932;20220109;    0.5;    0.5;    0.1;    1.8;    1.9;    2.5;    4.5;    6.6;    0;  104;  103;  103;  105;  106;  106;  104;  106;    1.6;    1.8;    0;    0;    0.6;    0.4;    0.5;    0.4;    0.5;    0.5;    0.5;  108;  106;eor                                                            
         2932;20220110;    0.2;    0.2;    0.2;    2.3;    2.5;    2.9;    4.3;    6.4;    0;  103;  103;  103;  102;  104;  105;  103;  105;    2.2;    2.3;    0;    0;    0.3;    0.2;    0.2;    0.2;    0.2;    0.2;    0.2;  106;  104;eor                                                            
         2932;20220111;    0.1;    0.1;    0.1;    1.3;    1.8;    2.6;    4.3;    6.2;    0;  103;  103;  103;  102;  104;  102;  103;  105;    1.1;    1.3;    0;    0;    0.2;    0.1;    0.1;    0.1;    0.1;    0.1;    0.1;  105;  103;eor                                                            
         2932;20220112;    0.3;    0.3;    0.3;    1.2;    1.5;    2.1;    4.1;    6.1;    0;  102;  102;  103;  103;  104;  102;  103;  104;    1.0;    1.2;    0;    0;    0.3;    0.2;    0.2;    0.2;    0.3;    0.2;    0.2;  104;  103;eor                                                            
         2932;20220113;    0.4;    0.4;    0.3;    1.6;    1.8;    2.3;    3.9;    6.0;    0;  101;  102;  102;  103;  103;  102;  102;  104;    1.4;    1.5;    0;    0;    0.3;    0.3;    0.4;    0.3;    0.4;    0.3;    0.4;  103;  102;eor                                                            
         2932;20220114;    0.2;    0.2;    0.2;    1.0;    1.3;    2.0;    3.9;    5.9;    0;  100;  102;  102;  103;  103;  102;  102;  103;    0.8;    1.0;    0;    0;    0.3;    0.2;    0.2;    0.2;    0.2;    0.2;    0.2;  103;  102;eor                                                            
         2932;20220115;    0.1;    0.1;    0.2;    1.1;    1.5;    2.1;    3.7;    5.8;    0;  100;  102;  102;  103;  103;  102;  102;  103;    1.0;    1.1;    0;    0;    0.3;    0.1;    0.1;    0.1;    0.1;    0.1;    0.1;  103;  102;eor                                                            
         2932;20220116;    0.2;    0.2;    0.2;    1.0;    1.2;    1.8;    3.6;    5.7;    0;   99;  101;  102;  103;  103;  102;  102;  102;    0.8;    1.0;    0;    0;    0.4;    0.3;    0.3;    0.3;    0.2;    0.2;    0.2;  102;  102;eor                                                            
         2932;20220117;    0.5;    0.5;    0.2;    2.6;    2.7;    2.7;    3.6;    5.6;    0;  101;  101;  102;  103;  103;  102;  102;  102;    2.5;    2.6;    0;    0;    0.8;    0.4;    0.5;    0.4;    0.5;    0.5;    0.5;  103;  102;eor                                                            
         2932;20220118;    0.2;    0.2;    0.3;    1.6;    1.7;    2.2;    3.7;    5.5;    0;  101;  101;  102;  102;  103;  102;  102;  102;    1.4;    1.5;    0;    0;    0.3;    0.2;    0.2;    0.2;    0.2;    0.2;    0.2;  103;  103;eor                                                            
         2932;20220119;    0.6;    0.6;    0.5;    2.5;    2.6;    2.7;    3.7;    5.4;    0;   99;  100;  102;  102;  102;  102;  101;  101;    2.3;    2.5;    0;    0;    0.6;    0.6;    0.6;    0.6;    0.5;    0.5;    0.6;  102;  102;eor                                                            
         2932;20220120;    0.8;    0.8;    0.3;    1.7;    2.0;    2.6;    3.7;    5.4;    0;   98;  100;  101;  102;  102;  101;  101;  100;    1.5;    1.6;    0;    0;    0.9;    0.7;    0.7;    0.7;    0.8;    0.7;    0.7;  101;  102;eor                                                            
         2932;20220121;    0.5;    0.5;    0.5;    0.2;    0.7;    1.7;    3.6;    5.3;    5;  100;   99;  101;  102;  102;  101;  101;  101;   -0.3;    0.2;    0;    3;    0.5;    0.4;    0.4;    0.4;    0.5;    0.4;    0.4;  102;  103;eor                                                            
         2932;20220122;    0.3;    0.3;    0.2;    2.6;    2.3;    2.2;    3.4;    5.3;    0;  106;  104;  103;  102;  102;  103;  104;  105;    2.8;    2.5;    0;    0;    0.3;    0.2;    0.3;    0.2;    0.3;    0.3;    0.3;  107;  105;eor                                                            
         2932;20220123;    0.2;    0.2;    0.1;    3.6;    3.5;    3.3;    3.6;    5.2;    0;  104;  104;  104;  103;  103;  103;  103;  105;    3.7;    3.6;    0;    0;    0.2;    0.1;    0.1;    0.1;    0.2;    0.1;    0.1;  107;  105;eor                                                            
         2932;20220124;    0.2;    0.2;    0.2;    4.2;    4.1;    3.9;    3.9;    5.2;    0;  103;  104;  104;  103;  103;  102;  103;  105;    4.2;    4.2;    0;    0;    0.3;    0.2;    0.2;    0.2;    0.2;    0.2;    0.2;  105;  104;eor                                                            
         2932;20220125;    0.2;    0.2;    0.2;    2.7;    3.1;    3.6;    4.2;    5.2;    0;  103;  104;  103;  103;  103;  102;  103;  104;    2.6;    2.7;    0;    0;    0.4;    0.2;    0.2;    0.2;    0.2;    0.2;    0.2;  105;  104;eor                                                            
         2932;20220126;    0.2;    0.2;    0.1;    1.4;    1.9;    2.7;    4.1;    5.3;    0;  102;  103;  103;  103;  103;  102;  103;  104;    1.2;    1.4;    0;    0;    0.5;    0.2;    0.2;    0.2;    0.2;    0.2;    0.2;  104;  103;eor                                                            
         2932;20220127;    0.7;    0.7;    0.3;    1.9;    2.0;    2.4;    3.8;    5.3;    0;  102;  103;  103;  103;  103;  102;  103;  103;    1.7;    1.9;    0;    0;    0.8;    0.5;    0.6;    0.5;    0.7;    0.6;    0.6;  104;  103;eor                                                            
         2932;20220128;    0.9;    0.9;    0.6;    2.7;    2.8;    3.0;    3.8;    5.3;    0;  100;  102;  103;  103;  102;  101;  102;  102;    2.3;    2.6;    0;    0;    1.1;    0.9;    0.9;    0.9;    0.8;    0.9;    0.9;  103;  102;eor                                                            
         2932;20220129;    1.3;    1.3;    0.4;    3.7;    3.4;    3.2;    3.8;    5.2;    0;  106;  105;  104;  103;  103;  104;  104;  105;    3.6;    3.7;    0;    0;    1.0;    0.7;    0.9;    0.7;    1.3;    0.9;    0.9;  108;  105;eor                                                            
         2932;20220130;    1.4;    1.4;    0.7;    3.5;    3.7;    3.9;    4.1;    5.2;    0;  102;  103;  104;  103;  103;  103;  103;  103;    2.9;    3.5;    0;    0;    1.9;    1.4;    1.5;    1.4;    1.4;    1.5;    1.5;  105;  103;eor                                                            
         2932;20220131;    0.3;    0.3;    0.1;    1.3;    1.8;    2.7;    4.1;    5.2;    0;  106;  105;  104;  104;  103;  103;  104;  106;    0.9;    1.2;    0;    0;    0.5;    0.3;    0.4;    0.3;    0.3;    0.4;    0.4;  107;  105;eor                                                            
         2932;20220201;    0.8;    0.8;    0.3;    2.3;    2.3;    2.5;    3.9;    5.2;    0;  105;  105;  105;  104;  104;  103;  104;  106;    2.1;    2.2;    0;    0;    0.6;    0.4;    0.6;    0.4;    0.8;    0.6;    0.6;  108;  105;eor                                                            
         2932;20220202;    0.9;    0.9;    0.6;    3.4;    3.5;    3.5;    3.9;    5.2;    0;  103;  102;  103;  104;  104;  103;  103;  105;    3.0;    3.4;    0;    0;    1.1;    0.9;    0.9;    0.9;    0.9;    0.9;    0.9;  106;  104;eor                                                            
         2932;20220203;    0.5;    0.5;    0.2;    3.1;    3.0;    3.1;    3.9;    5.2;    0;  102;  102;  103;  103;  103;  103;  103;  105;    3.1;    3.1;    0;    0;    0.5;    0.3;    0.4;    0.3;    0.5;    0.4;    0.4;  106;  104;eor                                                            
         2932;20220204;    0.9;    0.9;    0.6;    4.9;    4.7;    4.3;    4.1;    5.2;    0;  101;  102;  103;  103;  103;  103;  102;  104;    4.7;    4.8;    0;    0;    0.9;    0.8;    0.8;    0.8;    0.9;    0.8;    0.8;  105;  103;eor                                                            
         2932;20220205;    1.1;    1.2;    0.8;    3.2;    3.4;    3.9;    4.4;    5.2;    0;   97;  100;  102;  103;  103;  103;  102;  102;    3.0;    3.1;    0;    0;    1.3;    1.1;    1.2;    1.1;    1.1;    0.9;    1.1;  103;  102;eor                                                            
         2932;20220206;    1.0;    1.0;    0.6;    4.0;    4.0;    4.0;    4.4;    5.3;    0;   96;   99;  102;  103;  103;  103;  101;  101;    4.5;    4.0;    0;    0;    1.2;    1.0;    1.0;    1.0;    1.0;    0.8;    0.9;  102;  102;eor                                                            
         2932;20220207;    0.8;    0.9;    0.6;    2.9;    3.2;    3.7;    4.4;    5.3;    0;   94;   98;  102;  103;  103;  103;  100;  100;    3.3;    2.9;    0;    0;    0.9;    0.8;    0.8;    0.8;    0.8;    0.6;    0.7;  102;  101;eor                                                            
         2932;20220208;    0.8;    0.9;    0.5;    3.8;    3.6;    3.6;    4.3;    5.3;    0;   92;   97;  101;  103;  103;  103;  100;   99;    4.4;    3.9;    0;    0;    1.1;    0.8;    0.9;    0.8;    0.7;    0.5;    0.6;  101;  101;eor                                                            
         2932;20220209;    0.8;    0.9;    0.7;    5.9;    5.5;    4.9;    4.5;    5.3;    0;   90;   96;  101;  102;  103;  103;   99;   98;    6.4;    5.9;    0;    0;    1.3;    0.9;    1.0;    0.9;    0.7;    0.5;    0.7;  100;  100;eor                                                            
         2932;20220210;    0.9;    0.9;    0.6;    5.9;    5.8;    5.5;    4.9;    5.4;    0;   89;   95;  100;  102;  103;  102;   99;   97;    6.1;    5.5;    0;    0;    0.9;    0.8;    0.8;    0.8;    0.9;    0.7;    0.8;   99;  100;eor                                                            
         2932;20220211;    0.9;    0.9;    0.2;    3.4;    3.9;    4.6;    5.1;    5.5;    0;  106;  103;  103;  102;  103;  102;  103;  104;    3.2;    3.2;    0;    0;    0.6;    0.4;    0.5;    0.4;    0.9;    0.5;    0.5;  107;  105;eor                                                            
         2932;20220212;    0.9;    0.9;    0.8;    2.3;    2.7;    3.5;    4.8;    5.5;    0;  102;  102;  103;  102;  102;  102;  102;  103;    2.0;    2.3;    0;    0;    0.6;    0.9;    0.9;    0.9;    0.9;    0.9;    0.9;  105;  104;eor                                                            
         2932;20220213;    1.3;    1.3;    1.2;    3.0;    3.1;    3.3;    4.5;    5.6;    0;   99;  101;  102;  102;  102;  102;  101;  101;    3.0;    3.0;    0;    0;    1.1;    1.2;    1.3;    1.2;    1.3;    1.2;    1.2;  103;  103;eor                                                            
         2932;20220214;    1.8;    2.0;    1.4;    4.8;    4.5;    4.1;    4.5;    5.5;    0;   94;   99;  102;  102;  102;  102;  100;   99;    5.7;    4.6;    0;    0;    1.9;    1.9;    1.9;    1.9;    1.7;    1.3;    1.5;  102;  102;eor                                                            
         2932;20220215;    0.8;    0.9;    0.5;    5.9;    5.7;    5.3;    4.8;    5.5;    0;   92;   98;  101;  102;  102;  102;   99;   97;    5.9;    5.7;    0;    0;    1.1;    0.9;    1.0;    0.9;    0.8;    0.6;    0.7;  101;  101;eor                                                            
         2932;20220216;    1.0;    1.1;    0.7;    6.2;    5.9;    5.4;    5.1;    5.5;    0;   90;   96;  101;  102;  102;  101;   99;   96;    6.2;    6.2;    0;    0;    1.6;    1.1;    1.2;    1.1;    0.9;    0.7;    0.8;  100;  101;eor                                                            
         2932;20220217;    2.5;    2.5;    1.0;    6.9;    7.0;    6.6;    5.5;    5.6;    0;   95;   95;  100;  101;  102;  101;   99;   97;    7.1;    6.9;    0;    0;    2.1;    1.7;    1.8;    1.7;    2.5;    1.8;    1.8;  102;  102;eor                                                            
         2932;20220218;    1.1;    1.1;    0.3;    5.1;    5.2;    5.4;    5.6;    5.7;    0;   93;   94;   99;  101;  101;  101;   98;   96;    5.3;    5.2;    0;    0;    1.7;    1.2;    1.2;    1.2;    1.1;    1.1;    1.1;  101;  101;eor                                                            
         2932;20220219;    1.8;    2.0;    1.2;    5.6;    5.7;    5.7;    5.6;    5.8;    0;   89;   92;   99;  101;  101;  101;   97;   94;    5.4;    5.6;    0;    0;    2.5;    2.1;    2.1;    2.1;    1.6;    1.3;    1.5;   99;  100;eor                                                            
         2932;20220220;    1.1;    1.2;    0.5;    5.9;    5.7;    5.6;    5.7;    5.9;    0;   87;   91;   98;  100;  101;  101;   96;   92;    5.7;    5.8;    0;    0;    1.5;    1.1;    1.1;    1.1;    1.1;    0.8;    0.9;   98;  100;eor                                                            
         2932;20220221;    1.9;    1.9;    1.0;    5.9;    6.0;    6.0;    5.8;    6.0;    0;   85;   90;   97;  100;  101;  100;   95;   91;    5.7;    5.8;    0;    0;    1.8;    1.4;    1.5;    1.4;    1.9;    1.4;    1.4;   97;  100;eor                                                            
         2932;20220222;    1.3;    1.4;    0.9;    5.1;    5.1;    5.3;    5.8;    6.0;    0;   82;   88;   97;  100;  101;  100;   95;   89;    5.1;    5.0;    0;    0;    1.5;    1.3;    1.3;    1.3;    1.3;    0.9;    1.0;   97;   99;eor                                                            
         2932;20220223;    1.8;    1.8;    1.3;    5.6;    5.7;    5.7;    5.7;    6.1;    0;   80;   87;   96;   99;  100;  100;   94;   88;    5.7;    5.6;    0;    0;    1.5;    1.5;    1.6;    1.5;    1.8;    1.3;    1.4;   96;   99;eor                                                            
         2932;20220224;    1.0;    1.3;    1.0;    5.3;    5.2;    5.3;    5.7;    6.1;    0;   78;   85;   96;   99;  100;  100;   93;   87;    5.3;    5.3;    0;    0;    1.5;    1.3;    1.3;    1.3;    1.0;    0.6;    0.8;   95;   98;eor                                                            
         2932;20220225;    0.8;    1.1;    0.3;    4.2;    4.6;    5.1;    5.7;    6.1;    0;   76;   84;   95;   99;  100;  100;   92;   85;    4.1;    4.2;    0;    0;    1.1;    0.9;    1.0;    0.9;    0.8;    0.4;    0.5;   94;   98;eor                                                            
         2932;20220226;    0.6;    0.7;    0.7;    4.1;    4.3;    4.8;    5.5;    6.2;    0;   75;   84;   95;   99;  100;  100;   92;   85;    4.0;    4.1;    0;    0;    0.9;    0.7;    0.7;    0.7;    0.6;    0.4;    0.4;   94;   98;eor                                                            
         2932;20220227;    0.7;    0.9;    0.8;    3.4;    3.7;    4.2;    5.3;    6.1;    0;   74;   83;   94;   98;  100;   99;   91;   84;    3.2;    3.4;    0;    0;    0.7;    0.8;    0.8;    0.8;    0.6;    0.3;    0.4;   93;   97;eor                                                            
         2932;20220228;    0.6;    0.8;    0.9;    2.8;    3.1;    3.8;    5.1;    6.1;    0;   73;   82;   94;   98;   99;   99;   91;   83;    2.5;    2.7;    0;    0;    0.8;    0.7;    0.7;    0.7;    0.6;    0.3;    0.3;   93;   97;eor                                                            
         2932;20220301;    1.0;    1.3;    1.3;    2.8;    3.0;    3.4;    4.8;    6.0;    0;   71;   81;   93;   98;   99;   99;   90;   82;    2.5;    2.7;    0;    0;    1.1;    1.1;    1.2;    1.1;    0.9;    0.5;    0.6;   92;   97;eor                                                            
         2932;20220302;    0.8;    1.1;    1.3;    3.7;    3.7;    3.9;    4.7;    5.9;    0;   69;   80;   93;   98;   99;   99;   90;   81;    3.6;    3.6;    0;    0;    0.9;    1.0;    1.0;    1.0;    0.8;    0.4;    0.5;   91;   96;eor                                                            
         2932;20220303;    0.9;    1.1;    1.1;    3.4;    3.6;    3.9;    4.7;    5.9;    0;   68;   79;   92;   97;   99;   99;   89;   79;    3.4;    3.4;    0;    0;    0.9;    1.0;    1.0;    1.0;    0.8;    0.4;    0.5;   90;   96;eor                                                            
         2932;20220304;    0.3;    0.4;    0.4;    2.8;    3.1;    3.7;    4.7;    5.8;    0;   67;   78;   92;   97;   99;   99;   89;   79;    2.8;    2.8;    0;    0;    0.6;    0.4;    0.4;    0.4;    0.3;    0.1;    0.2;   90;   96;eor                                                            
         2932;20220305;    0.8;    1.0;    0.8;    3.2;    3.3;    3.6;    4.6;    5.7;    0;   66;   77;   92;   97;   98;   99;   88;   78;    3.1;    3.2;    0;    0;    0.9;    0.9;    0.9;    0.9;    0.7;    0.4;    0.4;   90;   95;eor                                                            
         2932;20220306;    0.4;    0.5;    0.5;    1.9;    2.3;    3.2;    4.5;    5.7;    0;   65;   77;   91;   97;   98;   98;   88;   78;    1.6;    1.9;    0;    0;    0.8;    0.4;    0.4;    0.4;    0.3;    0.2;    0.2;   89;   95;eor                                                            
         2932;20220307;    1.0;    1.3;    0.9;    3.5;    3.4;    3.3;    4.3;    5.6;    0;   63;   76;   91;   96;   98;   98;   87;   76;    3.5;    3.5;    0;    0;    1.1;    1.1;    1.1;    1.1;    0.9;    0.4;    0.5;   89;   95;eor                                                            
         2932;20220308;    1.2;    1.5;    1.4;    4.1;    4.0;    3.9;    4.4;    5.5;    0;   61;   74;   90;   96;   98;   98;   86;   75;    3.8;    4.1;    0;    0;    1.2;    1.4;    1.4;    1.4;    1.1;    0.5;    0.6;   88;   94;eor                                                            
         2932;20220309;    1.2;    1.6;    1.8;    5.2;    4.9;    4.6;    4.5;    5.5;    0;   58;   72;   90;   96;   98;   98;   85;   74;    5.0;    5.2;    0;    0;    1.4;    1.5;    1.5;    1.5;    1.1;    0.6;    0.7;   87;   94;eor                                                            
         2932;20220310;    1.4;    1.8;    1.5;    5.0;    5.0;    5.0;    4.8;    5.5;    0;   56;   71;   89;   95;   97;   98;   84;   72;    4.7;    5.0;    0;    0;    1.6;    1.6;    1.6;    1.6;    1.3;    0.6;    0.7;   86;   93;eor                                                            
         2932;20220311;    1.7;    2.3;    1.6;    3.9;    4.1;    4.5;    5.0;    5.5;    0;   52;   68;   89;   95;   97;   97;   83;   70;    3.5;    3.8;    0;    0;    2.3;    1.9;    2.0;    1.9;    1.6;    0.7;    0.9;   85;   92;eor                                                            
         2932;20220312;    2.0;    2.7;    2.3;    4.5;    4.5;    4.5;    4.9;    5.6;    0;   47;   66;   88;   95;   97;   97;   82;   68;    4.2;    4.5;    0;    0;    2.6;    2.4;    2.5;    2.4;    1.9;    0.9;    1.0;   84;   92;eor                                                            
         2932;20220313;    2.0;    2.8;    2.3;    4.9;    4.8;    4.8;    5.0;    5.6;    0;   43;   63;   87;   94;   97;   97;   80;   65;    4.5;    4.8;    0;    0;    2.4;    2.4;    2.5;    2.4;    2.0;    0.8;    1.0;   83;   91;eor                                                            
         2932;20220314;    1.3;    1.3;    0.3;    4.4;    4.5;    4.7;    5.1;    5.6;    0;   57;   62;   87;   94;   96;   97;   82;   69;    4.0;    4.4;    0;    0;    1.4;    1.1;    1.2;    1.1;    1.3;    1.2;    1.2;   87;   93;eor                                                            
         2932;20220315;    0.9;    0.9;    0.7;    6.2;    5.9;    5.4;    5.1;    5.7;    0;   56;   61;   86;   94;   96;   97;   82;   68;    6.2;    6.2;    0;    0;    0.9;    0.8;    0.8;    0.8;    0.9;    0.8;    0.8;   87;   93;eor                                                            
         2932;20220316;    1.3;    1.8;    1.2;    8.2;    7.7;    6.7;    5.5;    5.7;    0;   53;   60;   85;   94;   96;   97;   81;   66;    8.6;    8.2;    0;    0;    1.4;    1.7;    1.6;    1.7;    1.3;    0.7;    0.8;   86;   93;eor                                                            
         2932;20220317;    0.7;    0.9;    1.4;    7.3;    7.2;    6.8;    6.0;    5.8;    0;   52;   59;   85;   94;   96;   96;   80;   66;    7.7;    7.3;    0;    0;    1.1;    0.9;    0.9;    0.9;    0.7;    0.4;    0.5;   85;   92;eor                                                            
         2932;20220318;    1.3;    1.7;    1.4;    8.5;    8.2;    7.5;    6.3;    5.9;    0;   49;   58;   84;   93;   96;   96;   79;   64;    8.4;    8.5;    0;    0;    1.6;    1.6;    1.6;    1.6;    1.2;    0.7;    0.8;   84;   92;eor                                                            
         2932;20220319;    1.4;    1.8;    1.0;    6.7;    6.9;    7.1;    6.6;    6.1;    0;   46;   56;   84;   93;   95;   96;   78;   62;    6.3;    6.7;    0;    0;    1.9;    1.7;    1.7;    1.7;    1.3;    0.7;    0.8;   84;   91;eor                                                            
         2932;20220320;    2.4;    3.3;    2.2;    6.3;    6.3;    6.4;    6.5;    6.2;    0;   40;   53;   83;   93;   95;   96;   77;   60;    6.2;    6.3;    0;    0;    3.1;    2.9;    3.0;    2.9;    2.2;    1.1;    1.3;   82;   90;eor                                                            
         2932;20220321;    2.0;    2.8;    2.2;    7.4;    7.2;    6.9;    6.5;    6.3;    0;   36;   51;   82;   92;   95;   96;   75;   58;    7.6;    7.3;    0;    0;    2.6;    2.6;    2.7;    2.6;    1.3;    0.9;    1.1;   81;   89;eor                                                            
         2932;20220322;    2.1;    2.9;    2.7;    8.3;    7.9;    7.3;    6.6;    6.4;    0;   31;   48;   81;   92;   95;   96;   74;   57;    8.5;    8.2;    0;    0;    2.6;    2.7;    2.8;    2.7;    1.1;    1.0;    1.2;   80;   89;eor                                                            
         2932;20220323;    1.7;    2.4;    2.8;    9.5;    9.0;    8.2;    6.9;    6.5;    0;   27;   46;   81;   92;   94;   95;   73;   56;    9.5;    9.5;    0;    0;    2.2;    2.3;    2.4;    2.3;    0.8;    0.8;    0.9;   79;   88;eor                                                            
         2932;20220324;    1.5;    2.1;    2.4;   10.2;    9.8;    9.0;    7.4;    6.6;    0;   24;   44;   80;   92;   94;   95;   71;   55;   10.0;   10.2;    0;    0;    2.0;    2.0;    2.1;    2.0;    0.6;    0.7;    0.8;   78;   87;eor                                                            
         2932;20220325;    1.6;    2.2;    2.2;   10.5;   10.1;    9.4;    7.8;    6.8;    0;   20;   41;   80;   91;   94;   95;   70;   55;   10.0;   10.4;    0;    0;    2.1;    2.1;    2.1;    2.1;    0.4;    0.7;    0.8;   77;   87;eor                                                            
         2932;20220326;    2.0;    2.8;    2.3;   11.1;   10.6;    9.8;    8.1;    7.0;    0;   16;   39;   79;   91;   94;   95;   69;   54;   10.6;   11.1;    0;    0;    2.3;    2.5;    2.5;    2.5;    0.4;    0.8;    1.0;   76;   86;eor                                                            
         2932;20220327;    1.2;    1.8;    1.6;   12.9;   12.3;   11.1;    8.6;    7.2;    0;   13;   37;   79;   91;   94;   95;   68;   54;   12.2;   12.8;    0;    0;    1.9;    1.7;    1.7;    1.7;    0.3;    0.5;    0.6;   75;   86;eor                                                            
         2932;20220328;    1.5;    2.4;    2.4;   12.4;   12.0;   11.1;    9.1;    7.4;    0;   10;   34;   78;   91;   93;   95;   67;   54;   11.8;   12.3;    0;    0;    2.2;    2.2;    2.2;    2.2;    0.3;    0.7;    0.8;   74;   85;eor                                                            
         2932;20220329;    0.9;    1.4;    1.1;   10.9;   11.0;   10.9;    9.4;    7.7;    0;    9;   33;   78;   91;   93;   94;   66;   53;   10.5;   10.8;    0;    0;    1.5;    1.3;    1.3;    1.3;    0.2;    0.4;    0.5;   74;   85;eor                                                            
         2932;20220330;    0.9;    1.0;    0.3;    7.8;    8.5;    9.4;    9.3;    7.9;    0;   10;   32;   78;   91;   93;   94;   66;   54;    7.6;    7.7;    0;    0;    1.0;    0.8;    0.8;    0.8;    0.5;    0.8;    0.8;   74;   85;eor                                                            
         2932;20220331;    0.4;    0.7;    0.4;    5.0;    5.8;    7.2;    8.7;    8.1;    0;    9;   31;   78;   91;   93;   94;   66;   54;    4.8;    4.9;    0;    0;    1.0;    0.7;    0.7;    0.7;    0.1;    0.2;    0.3;   74;   85;eor                                                            
         2932;20220401;    1.0;    1.8;    1.7;    4.4;    4.9;    6.0;    7.9;    8.1;    0;    8;   29;   77;   90;   93;   94;   65;   53;    4.3;    4.3;    0;    0;    2.3;    1.7;    1.8;    1.7;    0.2;    0.6;    0.7;   73;   84;eor                                                            
         2932;20220402;    0.8;    1.5;    1.4;    4.5;    4.9;    5.6;    7.3;    8.0;    0;    6;   28;   77;   90;   93;   94;   65;   53;    4.4;    4.4;    0;    0;    1.8;    1.4;    1.4;    1.4;    0.2;    0.4;    0.5;   72;   84;eor                                                            
         2932;20220403;    0.9;    1.7;    1.6;    5.2;    5.2;    5.5;    6.8;    7.8;    0;    5;   26;   77;   90;   93;   94;   64;   53;    5.0;    5.1;    0;    0;    1.7;    1.5;    1.6;    1.5;    0.2;    0.5;    0.6;   72;   83;eor                                                            
         2932;20220404;    0.9;    1.8;    0.9;    5.2;    5.4;    5.8;    6.7;    7.6;    0;    4;   25;   76;   90;   92;   94;   63;   52;    5.1;    5.2;    0;    0;    1.9;    1.5;    1.5;    1.5;    0.3;    0.6;    0.6;   71;   83;eor                                                            
         2932;20220405;    1.3;    1.5;    0.4;    7.0;    6.7;    6.4;    6.7;    7.5;    0;    8;   23;   76;   90;   92;   94;   64;   53;    7.1;    7.0;    0;    0;    1.1;    0.9;    1.0;    0.9;    1.1;    1.0;    1.0;   73;   84;eor                                                            
         2932;20220406;    1.4;    2.4;    2.0;    9.2;    8.7;    7.8;    6.9;    7.4;    0;    6;   21;   76;   90;   92;   93;   63;   53;    9.5;    9.3;    0;    0;    2.5;    2.1;    2.2;    2.1;    0.7;    0.9;    1.0;   72;   84;eor                                                            
         2932;20220407;    2.7;    2.7;    1.0;    9.0;    8.9;    8.5;    7.4;    7.3;    0;   22;   19;   75;   90;   92;   93;   65;   57;    8.7;    8.9;    0;    0;    2.6;    2.0;    2.3;    2.0;    2.2;    2.3;    2.3;   77;   86;eor                                                            
         2932;20220408;    1.5;    2.1;    1.5;    7.1;    7.3;    7.6;    7.6;    7.4;    0;   19;   17;   74;   89;   92;   93;   64;   55;    7.1;    7.1;    0;    0;    2.2;    1.8;    1.9;    1.8;    1.3;    0.8;    0.9;   76;   86;eor                                                            
         2932;20220409;    1.3;    1.7;    0.7;    6.9;    7.0;    7.2;    7.5;    7.4;    0;   16;   16;   74;   89;   92;   93;   63;   54;    6.7;    6.8;    0;    0;    1.7;    1.5;    1.5;    1.5;    1.2;    0.7;    0.8;   76;   85;eor                                                            
         2932;20220410;    1.1;    1.7;    1.4;    6.0;    6.2;    6.6;    7.3;    7.5;    0;   13;   15;   73;   89;   92;   93;   62;   53;    5.7;    5.9;    0;    0;    1.7;    1.4;    1.4;    1.4;    1.0;    0.6;    0.6;   75;   85;eor                                                            
         2932;20220411;    1.6;    2.6;    2.7;    9.2;    8.6;    7.6;    7.2;    7.5;    0;   10;   13;   72;   89;   91;   93;   61;   52;    9.1;    9.2;    0;    0;    2.4;    2.4;    2.4;    2.4;    0.9;    0.9;    1.0;   74;   84;eor                                                            
         2932;20220412;    2.0;    3.9;    3.9;   10.9;   10.3;    9.2;    7.6;    7.5;    0;    6;   10;   72;   89;   91;   93;   60;   51;   11.2;   10.9;    0;    0;    3.2;    3.4;    3.5;    3.4;    0.6;    1.3;    1.4;   72;   83;eor                                                            
         2932;20220413;    1.4;    3.7;    5.2;   13.5;   12.5;   10.8;    8.3;    7.5;    0;    3;    8;   71;   89;   91;   92;   59;   50;   14.0;   13.5;    0;    0;    3.1;    3.3;    3.4;    3.3;    0.5;    1.2;    1.4;   71;   82;eor                                                            
         2932;20220414;    1.2;    1.7;    0.6;   13.3;   13.0;   12.0;    9.2;    7.7;    0;    5;    7;   70;   88;   91;   92;   59;   51;   13.3;   13.3;    0;    0;    1.7;    1.4;    1.5;    1.4;    1.0;    1.5;    1.5;   71;   83;eor                                                            
         2932;20220415;    0.4;    1.0;    0.6;   10.1;   10.4;   10.8;    9.6;    7.9;    0;    5;    7;   70;   88;   91;   92;   59;   50;    9.8;   10.0;    0;    0;    1.2;    0.8;    0.9;    0.8;    0.3;    0.4;    0.4;   71;   82;eor                                                            
         2932;20220416;    0.9;    2.5;    2.0;   10.5;   10.3;   10.0;    9.4;    8.2;    0;    3;    6;   69;   88;   91;   92;   58;   50;   10.8;   10.5;    0;    0;    2.4;    2.3;    2.3;    2.3;    0.4;    0.8;    0.9;   70;   82;eor                                                            
         2932;20220417;    0.7;    2.6;    2.6;   11.0;   10.7;   10.3;    9.4;    8.3;    0;    2;    5;   69;   88;   90;   92;   58;   49;   11.3;   11.0;    0;    0;    2.5;    2.3;    2.4;    2.3;    0.3;    0.8;    0.9;   69;   81;eor                                                            
         2932;20220418;    0.7;    3.2;    2.9;   13.5;   12.7;   11.4;    9.6;    8.5;    0;    1;    4;   68;   88;   90;   92;   57;   49;   13.4;   13.4;    0;    0;    2.8;    2.8;    2.9;    2.8;    0.4;    1.0;    1.1;   68;   80;eor                                                            
         2932;20220419;    0.6;    3.1;    2.5;   12.9;   12.8;   12.2;   10.1;    8.6;    0;    1;    3;   67;   88;   90;   92;   57;   49;   12.5;   12.9;    0;    0;    2.9;    2.7;    2.7;    2.7;    0.4;    0.9;    1.0;   67;   79;eor                                                            
         2932;20220420;    0.3;    1.3;    1.4;   10.7;   10.9;   11.1;   10.3;    8.8;    0;    0;    3;   67;   88;   90;   91;   57;   48;   10.2;   10.7;    0;    0;    1.6;    1.2;    1.2;    1.2;    0.2;    0.5;    0.5;   66;   79;eor                                                            
         2932;20220421;    0.2;    0.8;    0.6;   10.3;   10.4;   10.6;   10.2;    8.9;    0;    0;    3;   67;   88;   90;   91;   56;   48;   10.0;   10.3;    0;    0;    1.1;    0.7;    0.8;    0.7;    0.2;    0.4;    0.4;   66;   79;eor                                                            
         2932;20220422;    0.4;    2.3;    1.7;   12.6;   12.0;   11.1;   10.1;    9.1;    0;    0;    2;   66;   87;   90;   91;   56;   48;   12.3;   12.5;    0;    0;    2.3;    2.0;    2.0;    2.0;    0.3;    0.8;    0.9;   65;   78;eor                                                            
         2932;20220423;    0.5;    3.8;    3.1;   13.0;   12.7;   11.9;   10.3;    9.1;    0;    0;    2;   65;   87;   90;   91;   56;   47;   12.5;   13.0;    0;    0;    3.5;    3.2;    3.3;    3.2;    0.4;    1.4;    1.5;   63;   77;eor                                                            
         2932;20220424;    0.9;    2.0;    2.1;   11.3;   11.4;   11.5;   10.5;    9.2;    0;    0;    2;   65;   87;   89;   91;   56;   47;   10.9;   11.3;    0;    0;    1.9;    1.6;    1.8;    1.6;    0.8;    1.7;    1.7;   63;   77;eor                                                            
         2932;20220425;    0.8;    1.7;    1.3;   11.4;   11.3;   11.1;   10.5;    9.3;    0;    0;    2;   65;   87;   89;   91;   56;   47;   11.4;   11.4;    0;    0;    1.6;    1.4;    1.6;    1.4;    0.7;    1.5;    1.5;   62;   76;eor                                                            
         2932;20220426;    0.4;    3.2;    2.8;   13.2;   12.6;   11.7;   10.5;    9.4;    0;    0;    1;   64;   87;   89;   91;   55;   47;   13.1;   13.2;    0;    0;    2.8;    2.9;    3.0;    2.9;    0.4;    1.5;    1.6;   60;   75;eor                                                            
         2932;20220427;    0.4;    3.2;    3.5;   14.1;   13.6;   12.7;   10.8;    9.5;    0;    0;    1;   63;   86;   89;   91;   55;   47;   14.1;   14.1;    0;    0;    3.0;    2.9;    3.2;    2.9;    0.4;    1.6;    1.7;   58;   74;eor                                                            
         2932;20220428;    0.4;    3.2;    2.9;   15.1;   14.6;   13.5;   11.2;    9.6;    0;    0;    1;   63;   86;   89;   90;   55;   46;   14.7;   15.1;    0;    0;    3.1;    2.8;    3.1;    2.8;    0.4;    1.6;    1.8;   56;   73;eor                                                            
         2932;20220429;    0.4;    3.1;    3.3;   16.0;   15.3;   14.2;   11.7;    9.8;    0;    0;    1;   62;   86;   89;   90;   54;   46;   15.7;   15.9;    0;    0;    2.9;    2.7;    3.0;    2.7;    0.3;    1.6;    1.8;   54;   72;eor                                                            
         2932;20220430;    0.4;    3.2;    3.1;   16.6;   16.0;   14.9;   12.2;   10.0;    0;    0;    1;   61;   86;   89;   90;   54;   45;   16.5;   16.4;    0;    0;    3.1;    2.9;    3.1;    2.9;    0.4;    1.6;    1.9;   52;   70;eor                                                            
         2932;20220501;    0.4;    3.5;    3.0;   16.0;   15.7;   14.9;   12.6;   10.2;    0;    0;    1;   60;   85;   89;   90;   54;   45;   16.0;   15.9;    0;    0;    3.2;    3.1;    3.4;    3.1;    0.4;    1.4;    2.1;   51;   69;eor                                                            
         2932;20220502;    0.5;    3.6;    3.9;   17.1;   16.4;   15.3;   12.8;   10.4;    0;    0;    1;   59;   85;   89;   90;   53;   45;   17.2;   16.9;    0;    0;    3.5;    3.2;    3.6;    3.2;    0.4;    1.5;    2.3;   49;   67;eor                                                            
         2932;20220503;    0.5;    3.8;    3.4;   17.0;   16.6;   15.7;   13.2;   10.7;    0;    0;    1;   59;   85;   88;   90;   53;   44;   17.2;   16.9;    0;    0;    3.6;    3.3;    3.7;    3.3;    0.4;    1.6;    2.4;   47;   66;eor                                                            
         2932;20220504;    1.1;    2.6;    3.3;   15.3;   15.3;   15.0;   13.4;   10.9;    0;    0;    1;   58;   84;   88;   90;   53;   45;   15.4;   15.2;    0;    0;    2.4;    2.0;    2.6;    2.0;    1.1;    2.1;    2.5;   47;   65;eor                                                            
